7.360471625358346870e-01
7.515462663184258041e-01
7.540060584880644567e-01
7.584111894852839653e-01
7.778539869091782855e-01
7.776969884475861683e-01
7.769235707674235769e-01
7.912294682910274712e-01
7.967877442251353193e-01
8.065024629729349304e-01
8.081319601313334822e-01
8.097836293959489451e-01
8.086723166407044916e-01
8.055029677173488611e-01
8.081467116909752946e-01
8.061539254041526492e-01
8.053138405759737717e-01
8.098441060527459268e-01
8.069989240512743800e-01
8.042923007563735904e-01
8.053084972558292032e-01
8.088539125576158506e-01
8.102178002487929742e-01
8.063346551738617141e-01
8.058418236098641163e-01
8.162032516658055403e-01
8.085226038370864066e-01
8.295208533008664453e-01
8.240012753687439018e-01
8.352551573028903498e-01
8.355792894495449596e-01
8.377056620148797261e-01
8.410571783631525244e-01
8.341668055705879770e-01
8.340197309198443820e-01
8.410189638413853030e-01
8.429035063325591715e-01
8.418619443778203593e-01
8.364440486790750695e-01
8.173039817917113758e-01
8.180416892582543786e-01
8.039397911990711076e-01
8.067883365280446029e-01
7.820797077118326612e-01
8.067202301323240787e-01
7.908381471264058771e-01
7.745649246393966347e-01
7.554026314225468219e-01
7.581787227059852974e-01
6.974767121462023267e-01
6.746596977370852288e-01
6.700946669362658481e-01
6.449811318126679183e-01
6.456342723879884282e-01
6.460216967249308162e-01
6.476405274369686493e-01
6.392950088587765478e-01
6.460617997149208369e-01
6.525118099433725449e-01
6.397189203911155531e-01
6.840595425604897306e-01
6.768474096086752878e-01
6.979308694782332401e-01
6.951279506326023538e-01
6.882856660087608436e-01
6.968149526350421175e-01
6.865297982503998364e-01
6.678258295072435624e-01
7.023021708671670638e-01
6.871212019139310012e-01
7.118702514392137859e-01
6.868618896946121488e-01
6.912603779851934638e-01
6.890504690940806309e-01
7.014356406260422450e-01
6.992807541557009010e-01
6.916265868108982806e-01
6.944671303655618466e-01
6.950056801762811709e-01
6.701866587714632173e-01
6.781210785571215593e-01
6.952161589955720977e-01
6.616921450612152089e-01
6.914105702343859017e-01
6.917984744965571808e-01
7.133103630756140179e-01
6.843744600013333956e-01
6.863818844587562529e-01
6.772012864825502909e-01
6.717965323613878104e-01
6.917855860799599910e-01
7.150774175935082910e-01
7.109039258792628768e-01
7.015412912334560991e-01
7.138949019055215173e-01
7.245131964601186914e-01
7.303420558848158217e-01
7.407435728147344633e-01
7.511175042530687795e-01
7.501647904296051550e-01
7.841979649710171252e-01
7.866520465503705761e-01
8.070033349053694627e-01
8.095799235686691464e-01
8.100825399254071302e-01
8.155030860566931938e-01
8.101782338008564066e-01
8.113734543766754070e-01
8.100572651260159462e-01
8.089587590792062244e-01
8.018013947448688894e-01
8.179864072367274419e-01
7.975602846071651042e-01
8.070637480450220114e-01
7.951139259117560032e-01
8.046995244610646303e-01
8.002967716387081598e-01
8.054316588676042610e-01
8.048495034796213643e-01
8.058939570462430035e-01
8.073586155976173462e-01
8.043891042881050613e-01
8.067342932227219432e-01
8.035609089787928427e-01
7.985914707548559255e-01
7.981646526448996637e-01
7.986901648570295942e-01
8.002573445231853100e-01
8.089880766415170621e-01
8.069148995414663350e-01
8.114207893358470480e-01
8.116015548992554507e-01
8.177881710179758512e-01
8.275472995975784452e-01
8.444736456674000191e-01
8.634365210239430821e-01
8.681207671340158694e-01
8.902944613721740508e-01
8.918465320978101740e-01
9.114025417826669972e-01
9.222682501418798529e-01
9.323100779155244489e-01
9.275278745010735459e-01
9.286479090128983982e-01
9.414674279287472691e-01
9.510435058028893218e-01
9.489967569687800530e-01
9.620591688586223045e-01
9.661432520594724904e-01
9.644310601427936724e-01
9.612287780632748913e-01
9.714409349974160168e-01
9.694139054468330352e-01
9.716847062935197732e-01
9.685712528799375054e-01
9.703620235496307478e-01
9.680392667228350234e-01
9.632924143923944360e-01
9.686474459562305350e-01
9.640937509513273218e-01
9.688992118456973834e-01
9.693815350626376892e-01
9.760067829372167658e-01
9.703492910849871311e-01
9.693488972868836706e-01
9.601450445708038517e-01
9.623043232298861271e-01
9.673361121071041291e-01
9.695947940410828414e-01
9.605877405892525589e-01
9.633240810207673865e-01
9.656323745663089042e-01
9.632569122550808105e-01
9.660205097325488266e-01
9.686208614465910971e-01
9.560015450306874607e-01
9.600463897021104254e-01
9.533808748177278192e-01
9.554585904859909107e-01
9.544386795338097862e-01
9.492702435681905637e-01
9.680164192636874221e-01
9.614026579970057496e-01
9.590410431496330101e-01
9.577062311028848862e-01
9.564750469249062581e-01
9.571796062392197157e-01
9.593141205755582046e-01
9.572300962849502604e-01
9.574008402205701485e-01
9.580207258752584387e-01
9.563732989352388136e-01
9.594407262799646841e-01
9.604804374038623527e-01
9.594274235959915353e-01
9.581665044995267833e-01
9.630860783129778779e-01
9.626175724218831720e-01
9.624102944668020410e-01
9.601584487104646293e-01
9.553670804742002698e-01
9.589940559279671595e-01
9.564757135119352771e-01
9.594570454056197129e-01
9.594422220100135013e-01
9.561828587696021842e-01
9.559023345444286335e-01
9.559212650746899964e-01
9.541628103961492524e-01
9.543170836335704843e-01
9.604335188418503533e-01
9.608341140717003848e-01
9.627581706100825087e-01
9.735437822210827319e-01
9.667452139855711168e-01
9.664713047533377566e-01
9.693709595187447459e-01
9.702701643703190992e-01
9.654108585396445896e-01
9.678609704646509160e-01
9.631670989490994650e-01
9.631609651363675084e-01
9.607812941198498047e-01
9.661885553992084485e-01
9.623075384030284063e-01
9.636698286559910454e-01
9.622228537291611650e-01
9.629080255794841836e-01
9.627501580232847855e-01
9.641857620535616569e-01
9.585271715230500034e-01
9.593991249330507953e-01
9.620655148549042135e-01
9.606284179915483001e-01
9.544292845753189480e-01
9.550086602688033777e-01
9.529001890114207063e-01
9.572977896186100066e-01
9.609839742811779884e-01
9.597217643806619236e-01
9.546703698686023198e-01
9.595992357339619971e-01
9.543519396632922369e-01
9.520090328971854143e-01
9.529429646959015621e-01
9.512219127734170554e-01
9.452649819625583705e-01
9.491175792132092726e-01
9.582441031264103959e-01
9.506704000571923885e-01
9.477336769592556998e-01
9.467189428368693038e-01
9.542075234405629214e-01
9.452995208927587045e-01
9.475286718025730526e-01
9.529575220735422292e-01
9.478942843157316389e-01
9.502999234029240183e-01
9.502097206478343772e-01
9.461773816151280991e-01
9.483569320040940998e-01
9.530389631497176994e-01
9.488842420088026142e-01
9.482947989327121796e-01
9.507224577722704906e-01
9.538897712218339375e-01
9.467667850968957133e-01
9.480903457698549586e-01
9.460449908759236415e-01
9.467798129894909875e-01
9.466384468039991118e-01
9.479013044304619440e-01
9.486138497351348509e-01
9.538217120712781938e-01
9.473137638720360298e-01
9.507373817506775682e-01
9.477807665707519424e-01
9.462268030544008779e-01
9.473460430469367033e-01
9.499928184779747875e-01
9.493845191791967508e-01
9.452104503028267990e-01
9.490437652495566923e-01
9.484081797358736576e-01
9.508659853226297809e-01
9.450831865706250667e-01
9.496729666122127878e-01
9.502853615976170065e-01
9.517681432879082637e-01
9.488638475393965654e-01
9.409172848681275347e-01
9.441445098969915017e-01
9.456248959878935656e-01
9.460780277809299754e-01
9.434880571129886651e-01
9.515452150971246414e-01
9.456838266476043087e-01
9.438516123701973237e-01
9.531928659604949061e-01
9.450927495030128078e-01
