4.756394863183446213e-04
5.483582035775149636e-04
5.581347452379756659e-04
5.841068586621188732e-04
5.787073718162741949e-04
5.773341374565898240e-04
5.514990272826545423e-04
6.134656349294526512e-04
6.247815939697415897e-04
6.661987682428080265e-04
6.919176562960854121e-04
7.295818435447603894e-04
7.215135529315416059e-04
7.848196348993208022e-04
8.930205410635220142e-04
9.079581306901927679e-04
8.423510885131623750e-04
8.665784385212549085e-04
8.889714367714647092e-04
9.763014887229465007e-04
9.415655781821529813e-04
9.442119833831812310e-04
8.294920549299102629e-04
8.023047624075500643e-04
8.314986972251635225e-04
9.312696706982796606e-04
8.551883507815393392e-04
8.084560837575426083e-04
9.655212353879361400e-04
9.753707891191065738e-04
10.037191230111642439e-04
9.469585323364429616e-04
8.528549093107386887e-04
9.225521360488523996e-04
9.526508700121799015e-04
8.836408073631405249e-04
8.635701165818837144e-04
8.446428737085416539e-04
8.077715991790687623e-04
8.600478197548342861e-04
8.333575214443264762e-04
9.443697730259402673e-04
8.751372874990355445e-04
8.669139582933667234e-04
8.226920585237855119e-04
8.218757259558929617e-04
8.781809860813751889e-04
8.199787508853496280e-04
7.835434941578695066e-04
8.275800946850031797e-04
7.804486658341006295e-04
8.576161217413660756e-04
8.577635999216439312e-04
8.590775679542927284e-04
8.503311865397874831e-04
8.451974611169374993e-04
8.160538640677424474e-04
8.461060170059414749e-04
8.414999666680384773e-04
8.897709565212304000e-04
8.019759705418499224e-04
8.121507182460155957e-04
8.023360043020836023e-04
8.214064598619337998e-04
8.277638734171500427e-04
8.370119499743608124e-04
8.220323466371597240e-04
8.489243124144774588e-04
8.366697790629153706e-04
8.816089390676718016e-04
8.436290083840145481e-04
8.946740445749241889e-04
8.114354906614801950e-04
8.021154034263601896e-04
8.140130370739580941e-04
8.082919309621349000e-04
8.416610055081040140e-04
8.994036544072113708e-04
9.239170882750657619e-04
1.023388086628784083e-03
1.012513513830466498e-03
9.771968172241818264e-04
9.300755745260278146e-04
7.768048083789957665e-04
7.443131729332243002e-04
7.941082427226823061e-04
7.836496425336135323e-04
7.553782182873604268e-04
7.149777521814298757e-04
7.636328234345908950e-04
8.457666056300313338e-04
8.487258594513694913e-04
8.659585821415673786e-04
8.969350352222085765e-04
9.100825901017415513e-04
9.405884925058997925e-04
9.151750303480872756e-04
8.988896981907794348e-04
8.543198551642284698e-04
8.321591338296911028e-04
8.117312759279910655e-04
7.644841960058175413e-04
8.964775862395191848e-04
8.731545784567657864e-04
8.894607547592473006e-04
8.652994835524743583e-04
8.310503235561583811e-04
8.739801301225073914e-04
8.442831233466539971e-04
8.076208943580881266e-04
8.087723318251190596e-04
8.146792613129234589e-04
8.323902301201471310e-04
8.220324503475929774e-04
7.836559737991431740e-04
7.903432349053259769e-04
8.099794568986325941e-04
7.345623251095025974e-04
7.513746430427448858e-04
7.647958203023951006e-04
7.294589381942455939e-04
7.017770204769646332e-04
6.865940856593777094e-04
6.955797623504194347e-04
7.000786261985861769e-04
6.980446314855550229e-04
7.700725102646190871e-04
7.316655473310830667e-04
7.009497877820722962e-04
7.684919764194654080e-04
7.544268909200376036e-04
7.766558786524192792e-04
7.630274454918893612e-04
7.634815549227404533e-04
7.603497598123457523e-04
7.890374689935232989e-04
7.289736996958422286e-04
7.713991260755939531e-04
7.787495821902131604e-04
7.822161626232425292e-04
7.981373337173341270e-04
7.677617675424645328e-04
8.300951204202311733e-04
7.628703989640355475e-04
7.348460760989121562e-04
7.777026946402387916e-04
7.647332855495929480e-04
7.656480579112515984e-04
7.414273240848657295e-04
8.446325205563974666e-04
7.897052778329807180e-04
7.981216252959229479e-04
7.548828277977181903e-04
9.039314721216312482e-04
9.525625669432212159e-04
7.754462518823412127e-04
7.655946900672717459e-04
7.974755742887067221e-04
7.269890887712592660e-04
7.105938987775686777e-04
7.445065404581987329e-04
6.904397659082371630e-04
7.561598446737758652e-04
6.941058338356875454e-04
8.287017809785677787e-04
7.380369910085394104e-04
7.964729472761193077e-04
7.862899455097279323e-04
7.714723671137982798e-04
7.984321983745761670e-04
7.935424989612227618e-04
7.903556498297968158e-04
7.786300827583253568e-04
8.560260775836879207e-04
7.149751262259948980e-04
7.298802746252774053e-04
7.020944096557982196e-04
7.508292717146299120e-04
7.448984646104889933e-04
7.776784412096374730e-04
7.471098185610132751e-04
7.774705954126624741e-04
7.734128874550291830e-04
7.897242915672894126e-04
7.876851789334601622e-04
7.903313983166548526e-04
8.116674690107649782e-04
7.506102258030150371e-04
6.980138378189226778e-04
7.265516186334274474e-04
6.872744039581998778e-04
6.596163679856438230e-04
6.968574534667950921e-04
7.475601952348464967e-04
7.186359010532289036e-04
7.986019636976940395e-04
8.061335254921223655e-04
7.389600616876325270e-04
7.459885782320055175e-04
6.653220692892686423e-04
6.636741261982821325e-04
7.409466379461681447e-04
6.901712917832078954e-04
6.622678074898533237e-04
6.377706282913134673e-04
6.513608874577895723e-04
6.682128329167593859e-04
6.238617721056640949e-04
6.209877441234971235e-04
6.371125951034112191e-04
6.403234886830505568e-04
6.043614780422382638e-04
6.092821655970506647e-04
6.412274978034274587e-04
6.853516324310702460e-04
6.257689592146765088e-04
6.146035045286156332e-04
6.313521217992468584e-04
6.204879957156155066e-04
6.816325336842695695e-04
6.105524631319006598e-04
6.419582605782592558e-04
6.111768069184967062e-04
6.092662681524997886e-04
5.955676606362814368e-04
5.865673799541857051e-04
6.359768367013927514e-04
6.006881644456300113e-04
6.354772773104380278e-04
6.223930906127084738e-04
5.539559531197968097e-04
5.706768213996487064e-04
5.935252775361690887e-04
6.180891540697124433e-04
5.751775782036804225e-04
5.740750054019716844e-04
5.563837884322991867e-04
5.702124190136701777e-04
5.790108225518171602e-04
5.572162211135034014e-04
5.663839893560593730e-04
5.989714420148909519e-04
5.982290951113429902e-04
5.774899662416507502e-04
5.882596312727894064e-04
5.583045631146409896e-04
5.881223568092870365e-04
5.670126063610815559e-04
6.013964973786055596e-04
5.712040407406544090e-04
6.473815245293707173e-04
6.000010110644892402e-04
6.178453016374157872e-04
6.166966012083397505e-04
6.451519175270253349e-04
6.214678951724138473e-04
6.093314134475955610e-04
5.976970773692993422e-04
5.899211257884864846e-04
5.830469080050508556e-04
5.927168934250479949e-04
6.499149187072836677e-04
6.663149778276478358e-04
5.890113599510731412e-04
6.213124399174817323e-04
6.633211969661942506e-04
6.540954577431466006e-04
6.669265744949488773e-04
6.119864898545431236e-04
6.474083512625891440e-04
6.538707092490480275e-04
6.896699646083449819e-04
6.497970589635488053e-04
6.472745191466077385e-04
6.400535914649514713e-04
6.178552284001766464e-04
6.111576452235757163e-04
5.865814164630040297e-04
5.841091433349639888e-04
5.618022671108976627e-04
5.726666696839711416e-04
5.670092672999671457e-04
5.630699182840808543e-04
5.728123066852919797e-04
5.584911720295088460e-04
5.566031066968066873e-04
5.281709165294792710e-04
5.455062499325364364e-04
4.727003379702039579e-04
5.119906845161215558e-04
4.872338328606332179e-04
4.859244682325213776e-04
5.001602285566078120e-04
4.832868418850801845e-04
4.895378540731598095e-04
5.145435896863738510e-04
5.142107066225221849e-04
4.675178828773136593e-04
4.711428038555685589e-04
4.504510717333903196e-04
